날짜 날짜수 확진자수 사망자수 격리해제자수 검사자수
2020-01-21 1 1 0 0 0
2020-01-22 2 1 0 0 5
2020-01-23 3 1 0 0 0
2020-01-24 4 2 0 0 0
2020-01-25 5 2 0 0 0
2020-01-26 6 3 0 0 0
2020-01-27 7 4 0 0 9
2020-01-28 8 4 0 0 130
2020-01-29 9 4 0 0 0
2020-01-30 10 6 0 0 0
2020-01-31 11 11 0 0 0
2020-02-01 12 12 0 0 0
2020-02-02 13 15 0 0 58
2020-02-03 14 15 0 0 0
2020-02-04 15 16 0 0 0
2020-02-05 16 19 0 0 107
2020-02-06 17 23 0 0 171
2020-02-07 18 24 0 0 245
2020-02-08 19 24 0 2 571
2020-02-09 20 27 0 3 639
2020-02-10 21 27 0 3 436
2020-02-11 22 28 0 4 853
2020-02-12 23 28 0 4 1445
2020-02-13 24 28 0 7 723
2020-02-14 25 28 0 7 1057
2020-02-15 26 28 0 9 665
2020-02-16 27 29 0 9 400
2020-02-17 28 30 0 9 252
2020-02-18 29 31 0 10 1094
2020-02-19 30 51 0 12 1146
2020-02-20 31 104 1 16 1750
2020-02-21 32 204 1 16 2655
2020-02-22 33 346 2 17 4805
2020-02-23 34 602 5 18 3012
2020-02-24 35 763 7 18 5982
2020-02-25 36 977 10 22 8101
2020-02-26 37 1261 12 22 9411
2020-02-27 38 1766 13 24 11863
2020-02-28 39 2337 13 26 12950
2020-02-29 40 3150 17 27 14753
2020-03-01 41 3736 18 30 11292
2020-03-02 42 4212 22 31 12606
2020-03-03 43 4812 28 34 16260
2020-03-04 44 5328 32 41 10856
2020-03-05 45 5766 35 88 9834
2020-03-06 46 6284 42 108 18199
2020-03-07 47 6767 44 118 13449
2020-03-08 48 7134 50 130 10329
2020-03-09 49 7382 51 166 8100
2020-03-10 50 7513 54 247 13526
2020-03-11 51 7755 60 288 12251
2020-03-12 52 7869 66 333 12603
2020-03-13 53 7979 66 510 13649
2020-03-14 54 8086 72 714 12688
2020-03-15 55 8162 75 834 6877
2020-03-16 56 8236 75 1137 6292
2020-03-17 57 8320 81 1401 12212
2020-03-18 58 8413 84 1540 8931
2020-03-19 59 8565 91 1947 11377
2020-03-20 60 8652 94 2233 9640
2020-03-21 61 8799 102 2602 10845
2020-03-22 62 8897 104 2909 4271
2020-03-23 63 8961 111 3166 6256
2020-03-24 64 9037 120 3507 10546
2020-03-25 65 9137 126 3730 9314
2020-03-26 66 9241 131 4144 7046
2020-03-27 67 9332 139 4528 12019
2020-03-28 68 9478 144 4811 10964
2020-03-29 69 9583 152 5033 6216
2020-03-30 70 9661 158 5228 1053
2020-03-31 71 9786 162 5408 15370
2020-04-01 72 9887 165 5567 10983
2020-04-02 73 9976 169 5826 10196
2020-04-03 74 10062 174 6021 11530
2020-04-04 75 10156 177 6325 11759
2020-04-05 76 10237 183 6463 6201
2020-04-06 77 10284 186 6598 5571
2020-04-07 78 10331 192 6694 10500
2020-04-08 79 10384 200 6776 8699
2020-04-09 80 10423 204 6973 8708
2020-04-10 81 10450 208 7117 8340
2020-04-11 82 10480 211 7243 7428
2020-04-12 83 10512 214 7368 4142
2020-04-13 84 10537 217 7447 4122
2020-04-14 85 10564 222 7534 8695
2020-04-15 86 10591 225 7616 7114
2020-04-16 87 10613 229 7757 4223
2020-04-17 88 10635 230 7829 7688
2020-04-18 89 10653 232 7937 8371
2020-04-19 90 10661 234 8042 4275
2020-04-20 91 10674 236 8114 3926
2020-04-21 92 10683 237 8213 7979
2020-04-22 93 10694 238 8277 6945
2020-04-23 94 10702 240 8411 6012
2020-04-24 95 10708 240 8501 5549
2020-04-25 96 10718 240 8635 5641
2020-04-26 97 10728 242 8717 3124
2020-04-27 98 10738 243 8764 3375
2020-04-28 99 10752 244 8854 6854
2020-04-29 100 10761 246 8922 5683
2020-04-30 101 10765 247 9059 5684
2020-05-01 102 10774 248 9072 3188
2020-05-02 103 10780 250 9123 4493
2020-05-03 104 10793 250 9183 3411
2020-05-04 105 10801 252 9217 2948
2020-05-05 106 10804 254 9283 6316
2020-05-06 107 10806 255 9333 2858
2020-05-07 108 10810 256 9419 6293
2020-05-08 109 10822 256 9484 5475
2020-05-09 110 10840 256 9568 5167
2020-05-10 111 10874 256 9610 3856
2020-05-11 112 10909 256 9632 4606
2020-05-12 113 10936 258 9670 12398
2020-05-13 114 10962 259 9695 15030
2020-05-14 115 10991 260 9762 15564
2020-05-15 116 11018 260 9821 15263
2020-05-16 117 11037 262 9851 13898
2020-05-17 118 11050 262 9888 7008
2020-05-18 119 11065 263 9904 5558
2020-05-19 120 11078 263 9938 12363
2020-05-20 121 11110 263 10066 10859
2020-05-21 122 11122 264 10135 12251
2020-05-22 123 11142 264 10162 13734
2020-05-23 124 11165 266 10194 12002
2020-05-24 125 11190 266 10213 5869
2020-05-25 126 11206 267 10226 6148
2020-05-26 127 11225 269 10275 13038
2020-05-27 128 11265 269 10295 13401
2020-05-28 129 11344 269 10340 15790
2020-05-29 130 11402 269 10363 16454
2020-05-30 131 11441 269 10398 17781
2020-05-31 132 11468 270 10405 7921
2020-06-01 133 11503 271 10422 10569
2020-06-02 134 11541 272 10446 18460
2020-06-03 135 11590 273 10467 17001
2020-06-04 136 11629 273 10499 17006
2020-06-05 137 11668 273 10506 17102
2020-06-06 138 11719 273 10531 14345
2020-06-07 139 11776 273 10552 7464
2020-06-08 140 11814 273 10563 5445
2020-06-09 141 11852 274 10589 17783
2020-06-10 142 11902 276 10611 15975
2020-06-11 143 11947 276 10654 14916
2020-06-12 144 12003 277 10669 14599
2020-06-13 145 12051 277 10691 13218
2020-06-14 146 12085 277 10718 5624
2020-06-15 147 12121 277 10730 5392
2020-06-16 148 12155 278 10760 14048
2020-06-17 149 12198 279 10774 13056
2020-06-18 150 12257 280 10800 12889
2020-06-19 151 12306 280 10835 12351
2020-06-20 152 12373 280 10856 12838
2020-06-21 153 12421 280 10868 5562
2020-06-22 154 12438 280 10881 5603
2020-06-23 155 12484 281 10908 13946
2020-06-24 156 12535 281 10930 12585
